{
 "cells": [
  {
   "cell_type": "code",
   "execution_count": 1,
   "metadata": {},
   "outputs": [],
   "source": [
    "import numpy as np\n",
    "import matplotlib.pyplot as plt\n",
    "import SpectralSynthesis as ss\n",
    "import pickle\n",
    "from tqdm import tqdm"
   ]
  },
  {
   "cell_type": "code",
   "execution_count": 2,
   "metadata": {},
   "outputs": [],
   "source": [
    "N_X = 22000\n",
    "H_RANGE = [0,1]\n",
    "S_RANGE = [0,3]\n",
    "N_PIX = 128\n",
    "E_DIMENSIONS = 2\n",
    "\n",
    "PERIODIC = False\n",
    "NOISE = True\n",
    "EXP = True"
   ]
  },
  {
   "cell_type": "code",
   "execution_count": 3,
   "metadata": {},
   "outputs": [],
   "source": [
    "H_list = np.random.uniform(H_RANGE[0], H_RANGE[1], N_X)\n",
    "S_list = np.random.uniform(S_RANGE[0], S_RANGE[1], N_X)\n",
    "noise_pct_list = np.random.random(N_X)*0.01"
   ]
  },
  {
   "cell_type": "code",
   "execution_count": 4,
   "metadata": {},
   "outputs": [
    {
     "data": {
      "text/plain": [
       "array([2.13525631e-01, 1.82525636e+00, 5.74797617e-04])"
      ]
     },
     "execution_count": 4,
     "metadata": {},
     "output_type": "execute_result"
    }
   ],
   "source": [
    "parameters = np.array([H_list, S_list, noise_pct_list]).T\n",
    "parameters[0]"
   ]
  },
  {
   "cell_type": "code",
   "execution_count": 5,
   "metadata": {},
   "outputs": [
    {
     "name": "stderr",
     "output_type": "stream",
     "text": [
      "  0%|                                                                                        | 0/22000 [00:00<?, ?it/s]D:\\Workshop\\PhD\\Scripts\\SpectralSynthesis.py:58: RuntimeWarning: divide by zero encountered in power\n",
      "  rad = np.where(k>0.0,k**(-(beta*0.5)),0.0)\n",
<<<<<<< Updated upstream
      "D:\\Workshop\\PhD\\Scripts\\SpectralSynthesis.py:62: FutureWarning: Using a non-tuple sequence for multidimensional indexing is deprecated; use `arr[tuple(seq)]` instead of `arr[seq]`. In the future this will be interpreted as an array index, `arr[np.array(seq)]`, which will result either in an error or a different result.\n",
      "  phaseneg = phase[[slice(None,None,-1)]*E]\n",
      "D:\\Workshop\\PhD\\Scripts\\SpectralSynthesis.py:72: FutureWarning: Using a non-tuple sequence for multidimensional indexing is deprecated; use `arr[tuple(seq)]` instead of `arr[seq]`. In the future this will be interpreted as an array index, `arr[np.array(seq)]`, which will result either in an error or a different result.\n",
      "  A[i_minus] += A[i_plus]\n",
      "D:\\Workshop\\PhD\\Scripts\\SpectralSynthesis.py:75: FutureWarning: Using a non-tuple sequence for multidimensional indexing is deprecated; use `arr[tuple(seq)]` instead of `arr[seq]`. In the future this will be interpreted as an array index, `arr[np.array(seq)]`, which will result either in an error or a different result.\n",
      "  A = A[indices]\n",
      "100%|████████████████████████████████████████████████████████████████████████████| 22000/22000 [47:21<00:00,  7.74it/s]\n"
=======
      "100%|████████████████████████████████████████████████████████████████████████████| 22000/22000 [42:23<00:00,  8.61it/s]\n"
>>>>>>> Stashed changes
     ]
    },
    {
     "data": {
      "text/plain": [
<<<<<<< Updated upstream
       "[(array([[0.05538693, 0.12616137, 0.16715694, ..., 0.00863267, 0.00890466,\n",
       "          0.00866451],\n",
       "         [0.08967799, 0.2574114 , 0.2271984 , ..., 0.00596888, 0.00600007,\n",
       "          0.00447882],\n",
       "         [0.03582627, 0.14755906, 0.04741579, ..., 0.00581631, 0.01582536,\n",
       "          0.00696852],\n",
       "         ...,\n",
       "         [0.0668394 , 0.02230349, 0.0513519 , ..., 0.15342531, 0.03656022,\n",
       "          0.02835078],\n",
       "         [0.1392016 , 0.06673374, 0.05065869, ..., 0.18959967, 0.04233266,\n",
       "          0.07353387],\n",
       "         [0.0959259 , 0.09787374, 0.04528424, ..., 0.07335884, 0.07064595,\n",
       "          0.05124629]]),\n",
       "  array([2.13525631e-01, 1.82525636e+00, 5.74797617e-04])),\n",
       " (array([[0.00866451, 0.00447882, 0.00696852, ..., 0.02835078, 0.07353387,\n",
       "          0.05124629],\n",
       "         [0.00890466, 0.00600007, 0.01582536, ..., 0.03656022, 0.04233266,\n",
       "          0.07064595],\n",
       "         [0.00863267, 0.00596888, 0.00581631, ..., 0.15342531, 0.18959967,\n",
       "          0.07335884],\n",
       "         ...,\n",
       "         [0.16715694, 0.2271984 , 0.04741579, ..., 0.0513519 , 0.05065869,\n",
       "          0.04528424],\n",
       "         [0.12616137, 0.2574114 , 0.14755906, ..., 0.02230349, 0.06673374,\n",
       "          0.09787374],\n",
       "         [0.05538693, 0.08967799, 0.03582627, ..., 0.0668394 , 0.1392016 ,\n",
       "          0.0959259 ]]),\n",
       "  array([2.13525631e-01, 1.82525636e+00, 5.74797617e-04])),\n",
       " (array([[0.05124629, 0.07064595, 0.07335884, ..., 0.04528424, 0.09787374,\n",
       "          0.0959259 ],\n",
       "         [0.07353387, 0.04233266, 0.18959967, ..., 0.05065869, 0.06673374,\n",
       "          0.1392016 ],\n",
       "         [0.02835078, 0.03656022, 0.15342531, ..., 0.0513519 , 0.02230349,\n",
       "          0.0668394 ],\n",
       "         ...,\n",
       "         [0.00696852, 0.01582536, 0.00581631, ..., 0.04741579, 0.14755906,\n",
       "          0.03582627],\n",
       "         [0.00447882, 0.00600007, 0.00596888, ..., 0.2271984 , 0.2574114 ,\n",
       "          0.08967799],\n",
       "         [0.00866451, 0.00890466, 0.00863267, ..., 0.16715694, 0.12616137,\n",
       "          0.05538693]]),\n",
       "  array([2.13525631e-01, 1.82525636e+00, 5.74797617e-04])),\n",
       " (array([[0.0959259 , 0.1392016 , 0.0668394 , ..., 0.03582627, 0.08967799,\n",
       "          0.05538693],\n",
       "         [0.09787374, 0.06673374, 0.02230349, ..., 0.14755906, 0.2574114 ,\n",
       "          0.12616137],\n",
       "         [0.04528424, 0.05065869, 0.0513519 , ..., 0.04741579, 0.2271984 ,\n",
       "          0.16715694],\n",
       "         ...,\n",
       "         [0.07335884, 0.18959967, 0.15342531, ..., 0.00581631, 0.00596888,\n",
       "          0.00863267],\n",
       "         [0.07064595, 0.04233266, 0.03656022, ..., 0.01582536, 0.00600007,\n",
       "          0.00890466],\n",
       "         [0.05124629, 0.07353387, 0.02835078, ..., 0.00696852, 0.00447882,\n",
       "          0.00866451]]),\n",
       "  array([2.13525631e-01, 1.82525636e+00, 5.74797617e-04])),\n",
       " (array([[0.03152175, 0.03695526, 0.0390275 , ..., 0.08998936, 0.07972345,\n",
       "          0.05724777],\n",
       "         [0.04045429, 0.04266065, 0.04060704, ..., 0.06784232, 0.07773888,\n",
       "          0.06484535],\n",
       "         [0.03830784, 0.05217278, 0.04035483, ..., 0.0704346 , 0.11361429,\n",
       "          0.11628595],\n",
       "         ...,\n",
       "         [0.36667092, 0.41225281, 0.40663255, ..., 0.0425478 , 0.04231566,\n",
       "          0.05699676],\n",
       "         [0.39052755, 0.49119482, 0.76369892, ..., 0.04104414, 0.05689069,\n",
       "          0.06693108],\n",
       "         [0.46384691, 0.57620461, 0.6776194 , ..., 0.03416393, 0.05694833,\n",
       "          0.06019358]]),\n",
       "  array([0.437848  , 1.77159554, 0.00919078])),\n",
       " (array([[0.05724777, 0.06484535, 0.11628595, ..., 0.05699676, 0.06693108,\n",
       "          0.06019358],\n",
       "         [0.07972345, 0.07773888, 0.11361429, ..., 0.04231566, 0.05689069,\n",
       "          0.05694833],\n",
       "         [0.08998936, 0.06784232, 0.0704346 , ..., 0.0425478 , 0.04104414,\n",
       "          0.03416393],\n",
       "         ...,\n",
       "         [0.0390275 , 0.04060704, 0.04035483, ..., 0.40663255, 0.76369892,\n",
       "          0.6776194 ],\n",
       "         [0.03695526, 0.04266065, 0.05217278, ..., 0.41225281, 0.49119482,\n",
       "          0.57620461],\n",
       "         [0.03152175, 0.04045429, 0.03830784, ..., 0.36667092, 0.39052755,\n",
       "          0.46384691]]),\n",
       "  array([0.437848  , 1.77159554, 0.00919078])),\n",
       " (array([[0.06019358, 0.05694833, 0.03416393, ..., 0.6776194 , 0.57620461,\n",
       "          0.46384691],\n",
       "         [0.06693108, 0.05689069, 0.04104414, ..., 0.76369892, 0.49119482,\n",
       "          0.39052755],\n",
       "         [0.05699676, 0.04231566, 0.0425478 , ..., 0.40663255, 0.41225281,\n",
       "          0.36667092],\n",
       "         ...,\n",
       "         [0.11628595, 0.11361429, 0.0704346 , ..., 0.04035483, 0.05217278,\n",
       "          0.03830784],\n",
       "         [0.06484535, 0.07773888, 0.06784232, ..., 0.04060704, 0.04266065,\n",
       "          0.04045429],\n",
       "         [0.05724777, 0.07972345, 0.08998936, ..., 0.0390275 , 0.03695526,\n",
       "          0.03152175]]),\n",
       "  array([0.437848  , 1.77159554, 0.00919078])),\n",
       " (array([[0.46384691, 0.39052755, 0.36667092, ..., 0.03830784, 0.04045429,\n",
       "          0.03152175],\n",
       "         [0.57620461, 0.49119482, 0.41225281, ..., 0.05217278, 0.04266065,\n",
       "          0.03695526],\n",
       "         [0.6776194 , 0.76369892, 0.40663255, ..., 0.04035483, 0.04060704,\n",
       "          0.0390275 ],\n",
       "         ...,\n",
       "         [0.03416393, 0.04104414, 0.0425478 , ..., 0.0704346 , 0.06784232,\n",
       "          0.08998936],\n",
       "         [0.05694833, 0.05689069, 0.04231566, ..., 0.11361429, 0.07773888,\n",
       "          0.07972345],\n",
       "         [0.06019358, 0.06693108, 0.05699676, ..., 0.11628595, 0.06484535,\n",
       "          0.05724777]]),\n",
       "  array([0.437848  , 1.77159554, 0.00919078])),\n",
       " (array([[0.05491212, 0.04301638, 0.02590514, ..., 0.05703094, 0.06077805,\n",
       "          0.05034837],\n",
       "         [0.08169358, 0.04911623, 0.03231033, ..., 0.03977946, 0.03817066,\n",
       "          0.03041979],\n",
       "         [0.07447227, 0.05001468, 0.03129547, ..., 0.04551325, 0.03824995,\n",
       "          0.0411898 ],\n",
       "         ...,\n",
       "         [0.0949253 , 0.12135391, 0.17917755, ..., 0.1623675 , 0.15209384,\n",
       "          0.1837478 ],\n",
       "         [0.09536042, 0.07179779, 0.0994088 , ..., 0.13946688, 0.11947156,\n",
       "          0.12521021],\n",
       "         [0.0798409 , 0.07362983, 0.08852254, ..., 0.14266778, 0.12347606,\n",
       "          0.09041984]]),\n",
       "  array([0.34414767, 1.16469068, 0.00427889])),\n",
       " (array([[0.05034837, 0.03041979, 0.0411898 , ..., 0.1837478 , 0.12521021,\n",
       "          0.09041984],\n",
       "         [0.06077805, 0.03817066, 0.03824995, ..., 0.15209384, 0.11947156,\n",
       "          0.12347606],\n",
       "         [0.05703094, 0.03977946, 0.04551325, ..., 0.1623675 , 0.13946688,\n",
       "          0.14266778],\n",
       "         ...,\n",
       "         [0.02590514, 0.03231033, 0.03129547, ..., 0.17917755, 0.0994088 ,\n",
       "          0.08852254],\n",
       "         [0.04301638, 0.04911623, 0.05001468, ..., 0.12135391, 0.07179779,\n",
       "          0.07362983],\n",
       "         [0.05491212, 0.08169358, 0.07447227, ..., 0.0949253 , 0.09536042,\n",
       "          0.0798409 ]]),\n",
       "  array([0.34414767, 1.16469068, 0.00427889])),\n",
       " (array([[0.09041984, 0.12347606, 0.14266778, ..., 0.08852254, 0.07362983,\n",
       "          0.0798409 ],\n",
       "         [0.12521021, 0.11947156, 0.13946688, ..., 0.0994088 , 0.07179779,\n",
       "          0.09536042],\n",
       "         [0.1837478 , 0.15209384, 0.1623675 , ..., 0.17917755, 0.12135391,\n",
       "          0.0949253 ],\n",
       "         ...,\n",
       "         [0.0411898 , 0.03824995, 0.04551325, ..., 0.03129547, 0.05001468,\n",
       "          0.07447227],\n",
       "         [0.03041979, 0.03817066, 0.03977946, ..., 0.03231033, 0.04911623,\n",
       "          0.08169358],\n",
       "         [0.05034837, 0.06077805, 0.05703094, ..., 0.02590514, 0.04301638,\n",
       "          0.05491212]]),\n",
       "  array([0.34414767, 1.16469068, 0.00427889])),\n",
       " (array([[0.0798409 , 0.09536042, 0.0949253 , ..., 0.07447227, 0.08169358,\n",
       "          0.05491212],\n",
       "         [0.07362983, 0.07179779, 0.12135391, ..., 0.05001468, 0.04911623,\n",
       "          0.04301638],\n",
       "         [0.08852254, 0.0994088 , 0.17917755, ..., 0.03129547, 0.03231033,\n",
       "          0.02590514],\n",
       "         ...,\n",
       "         [0.14266778, 0.13946688, 0.1623675 , ..., 0.04551325, 0.03977946,\n",
       "          0.05703094],\n",
       "         [0.12347606, 0.11947156, 0.15209384, ..., 0.03824995, 0.03817066,\n",
       "          0.06077805],\n",
       "         [0.09041984, 0.12521021, 0.1837478 , ..., 0.0411898 , 0.03041979,\n",
       "          0.05034837]]),\n",
       "  array([0.34414767, 1.16469068, 0.00427889])),\n",
       " (array([[1.        , 1.        , 1.        , ..., 0.15122168, 0.14598002,\n",
       "          0.14073846],\n",
       "         [1.        , 1.        , 1.        , ..., 0.15739077, 0.15203752,\n",
       "          0.14431506],\n",
       "         [1.        , 1.        , 1.        , ..., 0.15713544, 0.15404574,\n",
       "          0.14897857],\n",
       "         ...,\n",
       "         [0.38934702, 0.38469779, 0.37894699, ..., 0.00228494, 0.00147848,\n",
       "          0.00206297],\n",
       "         [0.38313037, 0.3849185 , 0.38836689, ..., 0.00184903, 0.00117975,\n",
       "          0.0015514 ],\n",
       "         [0.39227493, 0.39150079, 0.40119069, ..., 0.00155982, 0.00120314,\n",
       "          0.00150302]]),\n",
       "  array([0.93026323, 1.65399495, 0.00327078])),\n",
       " (array([[0.14073846, 0.14431506, 0.14897857, ..., 0.00206297, 0.0015514 ,\n",
       "          0.00150302],\n",
       "         [0.14598002, 0.15203752, 0.15404574, ..., 0.00147848, 0.00117975,\n",
       "          0.00120314],\n",
       "         [0.15122168, 0.15739077, 0.15713544, ..., 0.00228494, 0.00184903,\n",
       "          0.00155982],\n",
       "         ...,\n",
       "         [1.        , 1.        , 1.        , ..., 0.37894699, 0.38836689,\n",
       "          0.40119069],\n",
       "         [1.        , 1.        , 1.        , ..., 0.38469779, 0.3849185 ,\n",
       "          0.39150079],\n",
       "         [1.        , 1.        , 1.        , ..., 0.38934702, 0.38313037,\n",
       "          0.39227493]]),\n",
       "  array([0.93026323, 1.65399495, 0.00327078])),\n",
       " (array([[0.00150302, 0.00120314, 0.00155982, ..., 0.40119069, 0.39150079,\n",
       "          0.39227493],\n",
       "         [0.0015514 , 0.00117975, 0.00184903, ..., 0.38836689, 0.3849185 ,\n",
       "          0.38313037],\n",
       "         [0.00206297, 0.00147848, 0.00228494, ..., 0.37894699, 0.38469779,\n",
       "          0.38934702],\n",
       "         ...,\n",
       "         [0.14897857, 0.15404574, 0.15713544, ..., 1.        , 1.        ,\n",
       "          1.        ],\n",
       "         [0.14431506, 0.15203752, 0.15739077, ..., 1.        , 1.        ,\n",
       "          1.        ],\n",
       "         [0.14073846, 0.14598002, 0.15122168, ..., 1.        , 1.        ,\n",
       "          1.        ]]),\n",
       "  array([0.93026323, 1.65399495, 0.00327078])),\n",
       " (array([[0.39227493, 0.38313037, 0.38934702, ..., 1.        , 1.        ,\n",
       "          1.        ],\n",
       "         [0.39150079, 0.3849185 , 0.38469779, ..., 1.        , 1.        ,\n",
       "          1.        ],\n",
       "         [0.40119069, 0.38836689, 0.37894699, ..., 1.        , 1.        ,\n",
       "          1.        ],\n",
       "         ...,\n",
       "         [0.00155982, 0.00184903, 0.00228494, ..., 0.15713544, 0.15739077,\n",
       "          0.15122168],\n",
       "         [0.00120314, 0.00117975, 0.00147848, ..., 0.15404574, 0.15203752,\n",
       "          0.14598002],\n",
       "         [0.00150302, 0.0015514 , 0.00206297, ..., 0.14897857, 0.14431506,\n",
       "          0.14073846]]),\n",
       "  array([0.93026323, 1.65399495, 0.00327078])),\n",
       " (array([[8.12581900e-02, 6.06344619e-02, 4.30271894e-02, ...,\n",
       "          1.82809636e-03, 1.76396336e-03, 1.33253752e-03],\n",
       "         [7.12823617e-02, 8.45422884e-02, 1.03831591e-01, ...,\n",
       "          5.50808549e-04, 9.06071114e-04, 1.68492552e-03],\n",
       "         [6.92397308e-02, 5.75687029e-02, 3.45623112e-02, ...,\n",
       "          1.81013583e-03, 1.56883984e-03, 2.21356602e-03],\n",
       "         ...,\n",
       "         [2.92573630e-01, 2.12257543e-01, 2.18281185e-01, ...,\n",
       "          3.24085270e-01, 4.51139663e-01, 5.36519513e-01],\n",
       "         [3.92702963e-01, 3.03275650e-01, 2.54535913e-01, ...,\n",
       "          5.43616076e-01, 7.22145671e-01, 6.91051165e-01],\n",
       "         [2.82949594e-01, 5.28604625e-01, 5.48788317e-01, ...,\n",
       "          6.11219447e-01, 6.83267399e-01, 4.45720437e-01]]),\n",
       "  array([0.41224627, 2.41854841, 0.00259001])),\n",
       " (array([[1.33253752e-03, 1.68492552e-03, 2.21356602e-03, ...,\n",
       "          5.36519513e-01, 6.91051165e-01, 4.45720437e-01],\n",
       "         [1.76396336e-03, 9.06071114e-04, 1.56883984e-03, ...,\n",
       "          4.51139663e-01, 7.22145671e-01, 6.83267399e-01],\n",
       "         [1.82809636e-03, 5.50808549e-04, 1.81013583e-03, ...,\n",
       "          3.24085270e-01, 5.43616076e-01, 6.11219447e-01],\n",
       "         ...,\n",
       "         [4.30271894e-02, 1.03831591e-01, 3.45623112e-02, ...,\n",
       "          2.18281185e-01, 2.54535913e-01, 5.48788317e-01],\n",
       "         [6.06344619e-02, 8.45422884e-02, 5.75687029e-02, ...,\n",
       "          2.12257543e-01, 3.03275650e-01, 5.28604625e-01],\n",
       "         [8.12581900e-02, 7.12823617e-02, 6.92397308e-02, ...,\n",
       "          2.92573630e-01, 3.92702963e-01, 2.82949594e-01]]),\n",
       "  array([0.41224627, 2.41854841, 0.00259001])),\n",
       " (array([[4.45720437e-01, 6.83267399e-01, 6.11219447e-01, ...,\n",
       "          5.48788317e-01, 5.28604625e-01, 2.82949594e-01],\n",
       "         [6.91051165e-01, 7.22145671e-01, 5.43616076e-01, ...,\n",
       "          2.54535913e-01, 3.03275650e-01, 3.92702963e-01],\n",
       "         [5.36519513e-01, 4.51139663e-01, 3.24085270e-01, ...,\n",
       "          2.18281185e-01, 2.12257543e-01, 2.92573630e-01],\n",
       "         ...,\n",
       "         [2.21356602e-03, 1.56883984e-03, 1.81013583e-03, ...,\n",
       "          3.45623112e-02, 5.75687029e-02, 6.92397308e-02],\n",
       "         [1.68492552e-03, 9.06071114e-04, 5.50808549e-04, ...,\n",
       "          1.03831591e-01, 8.45422884e-02, 7.12823617e-02],\n",
       "         [1.33253752e-03, 1.76396336e-03, 1.82809636e-03, ...,\n",
       "          4.30271894e-02, 6.06344619e-02, 8.12581900e-02]]),\n",
       "  array([0.41224627, 2.41854841, 0.00259001])),\n",
       " (array([[2.82949594e-01, 3.92702963e-01, 2.92573630e-01, ...,\n",
       "          6.92397308e-02, 7.12823617e-02, 8.12581900e-02],\n",
       "         [5.28604625e-01, 3.03275650e-01, 2.12257543e-01, ...,\n",
       "          5.75687029e-02, 8.45422884e-02, 6.06344619e-02],\n",
       "         [5.48788317e-01, 2.54535913e-01, 2.18281185e-01, ...,\n",
       "          3.45623112e-02, 1.03831591e-01, 4.30271894e-02],\n",
       "         ...,\n",
       "         [6.11219447e-01, 5.43616076e-01, 3.24085270e-01, ...,\n",
       "          1.81013583e-03, 5.50808549e-04, 1.82809636e-03],\n",
       "         [6.83267399e-01, 7.22145671e-01, 4.51139663e-01, ...,\n",
       "          1.56883984e-03, 9.06071114e-04, 1.76396336e-03],\n",
       "         [4.45720437e-01, 6.91051165e-01, 5.36519513e-01, ...,\n",
       "          2.21356602e-03, 1.68492552e-03, 1.33253752e-03]]),\n",
       "  array([0.41224627, 2.41854841, 0.00259001])),\n",
       " (array([[0.02468715, 0.02510835, 0.02317279, ..., 0.00287159, 0.00298353,\n",
       "          0.00154241],\n",
       "         [0.02161532, 0.02124373, 0.02209955, ..., 0.00246451, 0.00162512,\n",
       "          0.00309421],\n",
       "         [0.02068773, 0.01802093, 0.01751147, ..., 0.00184189, 0.00198109,\n",
       "          0.00238558],\n",
       "         ...,\n",
       "         [0.31450877, 0.33294708, 0.40697685, ..., 0.04809649, 0.0416027 ,\n",
       "          0.03854698],\n",
       "         [0.27941054, 0.30049837, 0.36008526, ..., 0.04589094, 0.03794347,\n",
       "          0.03804138],\n",
       "         [0.2671639 , 0.31335583, 0.36228754, ..., 0.04246361, 0.04120865,\n",
       "          0.04085335]]),\n",
       "  array([0.65290186, 1.86219732, 0.0023739 ])),\n",
       " (array([[0.00154241, 0.00309421, 0.00238558, ..., 0.03854698, 0.03804138,\n",
       "          0.04085335],\n",
       "         [0.00298353, 0.00162512, 0.00198109, ..., 0.0416027 , 0.03794347,\n",
       "          0.04120865],\n",
       "         [0.00287159, 0.00246451, 0.00184189, ..., 0.04809649, 0.04589094,\n",
       "          0.04246361],\n",
       "         ...,\n",
       "         [0.02317279, 0.02209955, 0.01751147, ..., 0.40697685, 0.36008526,\n",
       "          0.36228754],\n",
       "         [0.02510835, 0.02124373, 0.01802093, ..., 0.33294708, 0.30049837,\n",
       "          0.31335583],\n",
       "         [0.02468715, 0.02161532, 0.02068773, ..., 0.31450877, 0.27941054,\n",
       "          0.2671639 ]]),\n",
       "  array([0.65290186, 1.86219732, 0.0023739 ])),\n",
       " (array([[0.04085335, 0.04120865, 0.04246361, ..., 0.36228754, 0.31335583,\n",
       "          0.2671639 ],\n",
       "         [0.03804138, 0.03794347, 0.04589094, ..., 0.36008526, 0.30049837,\n",
       "          0.27941054],\n",
       "         [0.03854698, 0.0416027 , 0.04809649, ..., 0.40697685, 0.33294708,\n",
       "          0.31450877],\n",
       "         ...,\n",
       "         [0.00238558, 0.00198109, 0.00184189, ..., 0.01751147, 0.01802093,\n",
       "          0.02068773],\n",
       "         [0.00309421, 0.00162512, 0.00246451, ..., 0.02209955, 0.02124373,\n",
       "          0.02161532],\n",
       "         [0.00154241, 0.00298353, 0.00287159, ..., 0.02317279, 0.02510835,\n",
       "          0.02468715]]),\n",
       "  array([0.65290186, 1.86219732, 0.0023739 ])),\n",
       " (array([[0.2671639 , 0.27941054, 0.31450877, ..., 0.02068773, 0.02161532,\n",
       "          0.02468715],\n",
       "         [0.31335583, 0.30049837, 0.33294708, ..., 0.01802093, 0.02124373,\n",
       "          0.02510835],\n",
       "         [0.36228754, 0.36008526, 0.40697685, ..., 0.01751147, 0.02209955,\n",
       "          0.02317279],\n",
       "         ...,\n",
       "         [0.04246361, 0.04589094, 0.04809649, ..., 0.00184189, 0.00246451,\n",
       "          0.00287159],\n",
       "         [0.04120865, 0.03794347, 0.0416027 , ..., 0.00198109, 0.00162512,\n",
       "          0.00298353],\n",
       "         [0.04085335, 0.03804138, 0.03854698, ..., 0.00238558, 0.00309421,\n",
       "          0.00154241]]),\n",
       "  array([0.65290186, 1.86219732, 0.0023739 ])),\n",
       " (array([[0.28437446, 0.31093706, 0.30132977, ..., 1.        , 1.        ,\n",
       "          1.        ],\n",
       "         [0.2802296 , 0.2906642 , 0.26797298, ..., 1.        , 1.        ,\n",
       "          1.        ],\n",
       "         [0.23897897, 0.2378501 , 0.23160204, ..., 1.        , 1.        ,\n",
       "          1.        ],\n",
       "         ...,\n",
       "         [0.04032211, 0.03874118, 0.03968973, ..., 0.05521061, 0.05170529,\n",
       "          0.04921267],\n",
       "         [0.0377957 , 0.0348821 , 0.03320859, ..., 0.05533038, 0.05618413,\n",
       "          0.0625499 ],\n",
       "         [0.03375156, 0.03451867, 0.03186045, ..., 0.05764984, 0.0526176 ,\n",
       "          0.06395884]]),\n",
       "  array([0.69544942, 1.838472  , 0.00530474])),\n",
       " (array([[1.        , 1.        , 1.        , ..., 0.04921267, 0.0625499 ,\n",
       "          0.06395884],\n",
       "         [1.        , 1.        , 1.        , ..., 0.05170529, 0.05618413,\n",
       "          0.0526176 ],\n",
       "         [1.        , 1.        , 1.        , ..., 0.05521061, 0.05533038,\n",
       "          0.05764984],\n",
       "         ...,\n",
       "         [0.30132977, 0.26797298, 0.23160204, ..., 0.03968973, 0.03320859,\n",
       "          0.03186045],\n",
       "         [0.31093706, 0.2906642 , 0.2378501 , ..., 0.03874118, 0.0348821 ,\n",
       "          0.03451867],\n",
       "         [0.28437446, 0.2802296 , 0.23897897, ..., 0.04032211, 0.0377957 ,\n",
       "          0.03375156]]),\n",
       "  array([0.69544942, 1.838472  , 0.00530474])),\n",
       " (array([[0.06395884, 0.0526176 , 0.05764984, ..., 0.03186045, 0.03451867,\n",
       "          0.03375156],\n",
       "         [0.0625499 , 0.05618413, 0.05533038, ..., 0.03320859, 0.0348821 ,\n",
       "          0.0377957 ],\n",
       "         [0.04921267, 0.05170529, 0.05521061, ..., 0.03968973, 0.03874118,\n",
       "          0.04032211],\n",
       "         ...,\n",
       "         [1.        , 1.        , 1.        , ..., 0.23160204, 0.2378501 ,\n",
       "          0.23897897],\n",
       "         [1.        , 1.        , 1.        , ..., 0.26797298, 0.2906642 ,\n",
       "          0.2802296 ],\n",
       "         [1.        , 1.        , 1.        , ..., 0.30132977, 0.31093706,\n",
       "          0.28437446]]),\n",
       "  array([0.69544942, 1.838472  , 0.00530474])),\n",
       " (array([[0.03375156, 0.0377957 , 0.04032211, ..., 0.23897897, 0.2802296 ,\n",
       "          0.28437446],\n",
       "         [0.03451867, 0.0348821 , 0.03874118, ..., 0.2378501 , 0.2906642 ,\n",
       "          0.31093706],\n",
       "         [0.03186045, 0.03320859, 0.03968973, ..., 0.23160204, 0.26797298,\n",
       "          0.30132977],\n",
       "         ...,\n",
       "         [0.05764984, 0.05533038, 0.05521061, ..., 1.        , 1.        ,\n",
       "          1.        ],\n",
       "         [0.0526176 , 0.05618413, 0.05170529, ..., 1.        , 1.        ,\n",
       "          1.        ],\n",
       "         [0.06395884, 0.0625499 , 0.04921267, ..., 1.        , 1.        ,\n",
       "          1.        ]]),\n",
       "  array([0.69544942, 1.838472  , 0.00530474])),\n",
       " (array([[2.64194766e-03, 1.87101536e-03, 2.80970128e-03, ...,\n",
       "          3.00713984e-01, 3.05786633e-01, 3.18671118e-01],\n",
       "         [2.45625757e-03, 2.81140701e-03, 3.93736604e-03, ...,\n",
       "          3.43618494e-01, 3.41859239e-01, 3.24000755e-01],\n",
       "         [3.59863252e-03, 3.26685760e-03, 5.21779954e-04, ...,\n",
       "          3.72654245e-01, 3.89400223e-01, 4.28900283e-01],\n",
       "         ...,\n",
       "         [1.84840355e-01, 2.08941183e-01, 2.28166809e-01, ...,\n",
       "          5.18332418e-01, 5.31820614e-01, 4.35115852e-01],\n",
       "         [1.54619700e-01, 2.02031881e-01, 2.33337790e-01, ...,\n",
       "          4.53455562e-01, 5.05631805e-01, 4.72755499e-01],\n",
       "         [1.11839022e-01, 1.44894960e-01, 1.78638658e-01, ...,\n",
       "          3.99393772e-01, 4.19211608e-01, 4.04217344e-01]]),\n",
       "  array([0.58168309, 2.12059819, 0.00573427])),\n",
       " (array([[3.18671118e-01, 3.24000755e-01, 4.28900283e-01, ...,\n",
       "          4.35115852e-01, 4.72755499e-01, 4.04217344e-01],\n",
       "         [3.05786633e-01, 3.41859239e-01, 3.89400223e-01, ...,\n",
       "          5.31820614e-01, 5.05631805e-01, 4.19211608e-01],\n",
       "         [3.00713984e-01, 3.43618494e-01, 3.72654245e-01, ...,\n",
       "          5.18332418e-01, 4.53455562e-01, 3.99393772e-01],\n",
       "         ...,\n",
       "         [2.80970128e-03, 3.93736604e-03, 5.21779954e-04, ...,\n",
       "          2.28166809e-01, 2.33337790e-01, 1.78638658e-01],\n",
       "         [1.87101536e-03, 2.81140701e-03, 3.26685760e-03, ...,\n",
       "          2.08941183e-01, 2.02031881e-01, 1.44894960e-01],\n",
       "         [2.64194766e-03, 2.45625757e-03, 3.59863252e-03, ...,\n",
       "          1.84840355e-01, 1.54619700e-01, 1.11839022e-01]]),\n",
       "  array([0.58168309, 2.12059819, 0.00573427])),\n",
       " (array([[4.04217344e-01, 4.19211608e-01, 3.99393772e-01, ...,\n",
       "          1.78638658e-01, 1.44894960e-01, 1.11839022e-01],\n",
       "         [4.72755499e-01, 5.05631805e-01, 4.53455562e-01, ...,\n",
       "          2.33337790e-01, 2.02031881e-01, 1.54619700e-01],\n",
       "         [4.35115852e-01, 5.31820614e-01, 5.18332418e-01, ...,\n",
       "          2.28166809e-01, 2.08941183e-01, 1.84840355e-01],\n",
       "         ...,\n",
       "         [4.28900283e-01, 3.89400223e-01, 3.72654245e-01, ...,\n",
       "          5.21779954e-04, 3.26685760e-03, 3.59863252e-03],\n",
       "         [3.24000755e-01, 3.41859239e-01, 3.43618494e-01, ...,\n",
       "          3.93736604e-03, 2.81140701e-03, 2.45625757e-03],\n",
       "         [3.18671118e-01, 3.05786633e-01, 3.00713984e-01, ...,\n",
       "          2.80970128e-03, 1.87101536e-03, 2.64194766e-03]]),\n",
       "  array([0.58168309, 2.12059819, 0.00573427])),\n",
       " (array([[1.11839022e-01, 1.54619700e-01, 1.84840355e-01, ...,\n",
       "          3.59863252e-03, 2.45625757e-03, 2.64194766e-03],\n",
       "         [1.44894960e-01, 2.02031881e-01, 2.08941183e-01, ...,\n",
       "          3.26685760e-03, 2.81140701e-03, 1.87101536e-03],\n",
       "         [1.78638658e-01, 2.33337790e-01, 2.28166809e-01, ...,\n",
       "          5.21779954e-04, 3.93736604e-03, 2.80970128e-03],\n",
       "         ...,\n",
       "         [3.99393772e-01, 4.53455562e-01, 5.18332418e-01, ...,\n",
       "          3.72654245e-01, 3.43618494e-01, 3.00713984e-01],\n",
       "         [4.19211608e-01, 5.05631805e-01, 5.31820614e-01, ...,\n",
       "          3.89400223e-01, 3.41859239e-01, 3.05786633e-01],\n",
       "         [4.04217344e-01, 4.72755499e-01, 4.35115852e-01, ...,\n",
       "          4.28900283e-01, 3.24000755e-01, 3.18671118e-01]]),\n",
       "  array([0.58168309, 2.12059819, 0.00573427])),\n",
       " (array([[1.        , 1.        , 1.        , ..., 0.21079868, 0.19539543,\n",
       "          0.22049177],\n",
       "         [1.        , 1.        , 1.        , ..., 0.17375703, 0.17176188,\n",
       "          0.19233218],\n",
       "         [1.        , 1.        , 1.        , ..., 0.19500465, 0.19423212,\n",
       "          0.18988558],\n",
       "         ...,\n",
       "         [0.01405997, 0.01303793, 0.02142954, ..., 0.06994838, 0.07003026,\n",
       "          0.0675188 ],\n",
       "         [0.01247684, 0.01472131, 0.01211676, ..., 0.05980081, 0.06380944,\n",
       "          0.06700706],\n",
       "         [0.01210142, 0.01553872, 0.01928023, ..., 0.05810269, 0.06433848,\n",
       "          0.06986868]]),\n",
       "  array([0.5108364 , 1.28329033, 0.00513834])),\n",
       " (array([[0.22049177, 0.19233218, 0.18988558, ..., 0.0675188 , 0.06700706,\n",
       "          0.06986868],\n",
       "         [0.19539543, 0.17176188, 0.19423212, ..., 0.07003026, 0.06380944,\n",
       "          0.06433848],\n",
       "         [0.21079868, 0.17375703, 0.19500465, ..., 0.06994838, 0.05980081,\n",
       "          0.05810269],\n",
       "         ...,\n",
       "         [1.        , 1.        , 1.        , ..., 0.02142954, 0.01211676,\n",
       "          0.01928023],\n",
       "         [1.        , 1.        , 1.        , ..., 0.01303793, 0.01472131,\n",
       "          0.01553872],\n",
       "         [1.        , 1.        , 1.        , ..., 0.01405997, 0.01247684,\n",
       "          0.01210142]]),\n",
       "  array([0.5108364 , 1.28329033, 0.00513834])),\n",
       " (array([[0.06986868, 0.06433848, 0.05810269, ..., 0.01928023, 0.01553872,\n",
       "          0.01210142],\n",
       "         [0.06700706, 0.06380944, 0.05980081, ..., 0.01211676, 0.01472131,\n",
       "          0.01247684],\n",
       "         [0.0675188 , 0.07003026, 0.06994838, ..., 0.02142954, 0.01303793,\n",
       "          0.01405997],\n",
       "         ...,\n",
       "         [0.18988558, 0.19423212, 0.19500465, ..., 1.        , 1.        ,\n",
       "          1.        ],\n",
       "         [0.19233218, 0.17176188, 0.17375703, ..., 1.        , 1.        ,\n",
       "          1.        ],\n",
       "         [0.22049177, 0.19539543, 0.21079868, ..., 1.        , 1.        ,\n",
       "          1.        ]]),\n",
       "  array([0.5108364 , 1.28329033, 0.00513834])),\n",
       " (array([[0.01210142, 0.01247684, 0.01405997, ..., 1.        , 1.        ,\n",
       "          1.        ],\n",
       "         [0.01553872, 0.01472131, 0.01303793, ..., 1.        , 1.        ,\n",
       "          1.        ],\n",
       "         [0.01928023, 0.01211676, 0.02142954, ..., 1.        , 1.        ,\n",
       "          1.        ],\n",
       "         ...,\n",
       "         [0.05810269, 0.05980081, 0.06994838, ..., 0.19500465, 0.17375703,\n",
       "          0.21079868],\n",
       "         [0.06433848, 0.06380944, 0.07003026, ..., 0.19423212, 0.17176188,\n",
       "          0.19539543],\n",
       "         [0.06986868, 0.06700706, 0.0675188 , ..., 0.18988558, 0.19233218,\n",
       "          0.22049177]]),\n",
       "  array([0.5108364 , 1.28329033, 0.00513834])),\n",
       " (array([[1.        , 1.        , 1.        , ..., 0.73055184, 0.7653789 ,\n",
       "          0.6544546 ],\n",
       "         [1.        , 1.        , 1.        , ..., 0.55063974, 0.6513349 ,\n",
       "          0.64184298],\n",
       "         [1.        , 1.        , 1.        , ..., 0.58586154, 0.71139235,\n",
       "          0.67006634],\n",
       "         ...,\n",
       "         [0.65380428, 0.70560662, 0.60733675, ..., 0.07526593, 0.08721784,\n",
       "          0.10326834],\n",
       "         [0.60914114, 0.67179793, 0.65190191, ..., 0.08660565, 0.10484079,\n",
       "          0.11525938],\n",
       "         [0.52489008, 0.54362948, 0.54725135, ..., 0.11072078, 0.1153679 ,\n",
       "          0.12859416]]),\n",
       "  array([0.7114969 , 2.74612793, 0.00455138])),\n",
       " (array([[0.6544546 , 0.64184298, 0.67006634, ..., 0.10326834, 0.11525938,\n",
       "          0.12859416],\n",
       "         [0.7653789 , 0.6513349 , 0.71139235, ..., 0.08721784, 0.10484079,\n",
       "          0.1153679 ],\n",
       "         [0.73055184, 0.55063974, 0.58586154, ..., 0.07526593, 0.08660565,\n",
       "          0.11072078],\n",
       "         ...,\n",
       "         [1.        , 1.        , 1.        , ..., 0.60733675, 0.65190191,\n",
       "          0.54725135],\n",
       "         [1.        , 1.        , 1.        , ..., 0.70560662, 0.67179793,\n",
       "          0.54362948],\n",
       "         [1.        , 1.        , 1.        , ..., 0.65380428, 0.60914114,\n",
       "          0.52489008]]),\n",
       "  array([0.7114969 , 2.74612793, 0.00455138])),\n",
       " (array([[0.12859416, 0.1153679 , 0.11072078, ..., 0.54725135, 0.54362948,\n",
       "          0.52489008],\n",
       "         [0.11525938, 0.10484079, 0.08660565, ..., 0.65190191, 0.67179793,\n",
       "          0.60914114],\n",
       "         [0.10326834, 0.08721784, 0.07526593, ..., 0.60733675, 0.70560662,\n",
       "          0.65380428],\n",
       "         ...,\n",
       "         [0.67006634, 0.71139235, 0.58586154, ..., 1.        , 1.        ,\n",
       "          1.        ],\n",
       "         [0.64184298, 0.6513349 , 0.55063974, ..., 1.        , 1.        ,\n",
       "          1.        ],\n",
       "         [0.6544546 , 0.7653789 , 0.73055184, ..., 1.        , 1.        ,\n",
       "          1.        ]]),\n",
       "  array([0.7114969 , 2.74612793, 0.00455138])),\n",
       " (array([[0.52489008, 0.60914114, 0.65380428, ..., 1.        , 1.        ,\n",
       "          1.        ],\n",
       "         [0.54362948, 0.67179793, 0.70560662, ..., 1.        , 1.        ,\n",
       "          1.        ],\n",
       "         [0.54725135, 0.65190191, 0.60733675, ..., 1.        , 1.        ,\n",
       "          1.        ],\n",
       "         ...,\n",
       "         [0.11072078, 0.08660565, 0.07526593, ..., 0.58586154, 0.55063974,\n",
       "          0.73055184],\n",
       "         [0.1153679 , 0.10484079, 0.08721784, ..., 0.71139235, 0.6513349 ,\n",
       "          0.7653789 ],\n",
       "         [0.12859416, 0.11525938, 0.10326834, ..., 0.67006634, 0.64184298,\n",
       "          0.6544546 ]]),\n",
       "  array([0.7114969 , 2.74612793, 0.00455138])),\n",
       " (array([[0.29582562, 0.29251176, 0.29352183, ..., 0.41924689, 0.41707718,\n",
       "          0.41437625],\n",
       "         [0.30031011, 0.29408201, 0.2942308 , ..., 0.41027987, 0.41569919,\n",
       "          0.41159302],\n",
       "         [0.29447111, 0.29694815, 0.30050448, ..., 0.40302691, 0.4063366 ,\n",
       "          0.40090249],\n",
       "         ...,\n",
       "         [0.20601329, 0.20648411, 0.20752081, ..., 0.00843126, 0.00585208,\n",
       "          0.0046345 ],\n",
       "         [0.20477308, 0.20435363, 0.21052358, ..., 0.00552441, 0.004282  ,\n",
       "          0.00333062],\n",
       "         [0.2005131 , 0.20453264, 0.20610115, ..., 0.00652735, 0.00454898,\n",
       "          0.0021929 ]]),\n",
       "  array([0.97647951, 1.21395386, 0.00392387])),\n",
       " (array([[0.41437625, 0.41159302, 0.40090249, ..., 0.0046345 , 0.00333062,\n",
       "          0.0021929 ],\n",
       "         [0.41707718, 0.41569919, 0.4063366 , ..., 0.00585208, 0.004282  ,\n",
       "          0.00454898],\n",
       "         [0.41924689, 0.41027987, 0.40302691, ..., 0.00843126, 0.00552441,\n",
       "          0.00652735],\n",
       "         ...,\n",
       "         [0.29352183, 0.2942308 , 0.30050448, ..., 0.20752081, 0.21052358,\n",
       "          0.20610115],\n",
       "         [0.29251176, 0.29408201, 0.29694815, ..., 0.20648411, 0.20435363,\n",
       "          0.20453264],\n",
       "         [0.29582562, 0.30031011, 0.29447111, ..., 0.20601329, 0.20477308,\n",
       "          0.2005131 ]]),\n",
       "  array([0.97647951, 1.21395386, 0.00392387])),\n",
       " (array([[0.0021929 , 0.00454898, 0.00652735, ..., 0.20610115, 0.20453264,\n",
       "          0.2005131 ],\n",
       "         [0.00333062, 0.004282  , 0.00552441, ..., 0.21052358, 0.20435363,\n",
       "          0.20477308],\n",
       "         [0.0046345 , 0.00585208, 0.00843126, ..., 0.20752081, 0.20648411,\n",
       "          0.20601329],\n",
       "         ...,\n",
       "         [0.40090249, 0.4063366 , 0.40302691, ..., 0.30050448, 0.29694815,\n",
       "          0.29447111],\n",
       "         [0.41159302, 0.41569919, 0.41027987, ..., 0.2942308 , 0.29408201,\n",
       "          0.30031011],\n",
       "         [0.41437625, 0.41707718, 0.41924689, ..., 0.29352183, 0.29251176,\n",
       "          0.29582562]]),\n",
       "  array([0.97647951, 1.21395386, 0.00392387])),\n",
       " (array([[0.2005131 , 0.20477308, 0.20601329, ..., 0.29447111, 0.30031011,\n",
       "          0.29582562],\n",
       "         [0.20453264, 0.20435363, 0.20648411, ..., 0.29694815, 0.29408201,\n",
       "          0.29251176],\n",
