{
 "cells": [
  {
   "cell_type": "code",
   "execution_count": 1,
   "metadata": {},
   "outputs": [],
   "source": [
    "import numpy as np\n",
    "import matplotlib.pyplot as plt\n",
    "import SpectralSynthesis as ss\n",
    "import pickle\n",
    "from tqdm import tqdm"
   ]
  },
  {
   "cell_type": "code",
   "execution_count": 2,
   "metadata": {},
   "outputs": [],
   "source": [
    "N_X = 22000\n",
    "H_RANGE = [0,1]\n",
    "S_RANGE = [0,3]\n",
    "N_PIX = 128\n",
    "E_DIMENSIONS = 2\n",
    "\n",
    "PERIODIC = False\n",
    "NOISE = True\n",
    "EXP = True"
   ]
  },
  {
   "cell_type": "code",
   "execution_count": 3,
   "metadata": {},
   "outputs": [],
   "source": [
    "H_list = np.random.uniform(H_RANGE[0], H_RANGE[1], N_X)\n",
    "S_list = np.random.uniform(S_RANGE[0], S_RANGE[1], N_X)\n",
    "noise_pct_list = np.random.random(N_X)*0.01"
   ]
  },
  {
   "cell_type": "code",
   "execution_count": 4,
   "metadata": {},
   "outputs": [
    {
     "data": {
      "text/plain": [
       "array([0.51058142, 1.51734045, 0.0068084 ])"
      ]
     },
     "execution_count": 4,
     "metadata": {},
     "output_type": "execute_result"
    }
   ],
   "source": [
    "parameters = np.array([H_list, S_list, noise_pct_list]).T\n",
    "parameters[0]"
   ]
  },
  {
   "cell_type": "code",
   "execution_count": 11,
   "metadata": {},
   "outputs": [
    {
     "name": "stderr",
     "output_type": "stream",
     "text": [
      "  0%|                                                                                        | 0/22000 [00:00<?, ?it/s]C:\\Users\\C1764397\\Workshop\\PhD\\Scripts\\SpectralSynthesis.py:58: RuntimeWarning: divide by zero encountered in power\n",
      "  rad = np.where(k>0.0,k**(-(beta*0.5)),0.0)\n",
      "100%|████████████████████████████████████████████████████████████████████████████| 22000/22000 [47:26<00:00,  8.16it/s]\n"
     ]
    },
    {
     "data": {
      "text/plain": [
       "[(array([[0.30809157, 0.25443272, 0.20036776, ..., 0.47487187, 0.54918605,\n",
       "          0.57560621],\n",
       "         [0.44146417, 0.30081661, 0.22465847, ..., 0.37616407, 0.43343542,\n",
       "          0.4974533 ],\n",
       "         [0.44792367, 0.32339638, 0.23533482, ..., 0.40857744, 0.41824027,\n",
       "          0.46243863],\n",
       "         ...,\n",
       "         [0.02198628, 0.01336611, 0.01386042, ..., 0.10490766, 0.09472505,\n",
       "          0.09056387],\n",
       "         [0.01704946, 0.01906877, 0.0126731 , ..., 0.06696562, 0.08511298,\n",
       "          0.08769254],\n",
       "         [0.01775687, 0.01867336, 0.01236858, ..., 0.0550391 , 0.07149953,\n",
       "          0.06693864]]), array([0.51058142, 1.51734045, 0.0068084 ])),\n",
       " (array([[0.57560621, 0.4974533 , 0.46243863, ..., 0.09056387, 0.08769254,\n",
       "          0.06693864],\n",
       "         [0.54918605, 0.43343542, 0.41824027, ..., 0.09472505, 0.08511298,\n",
       "          0.07149953],\n",
       "         [0.47487187, 0.37616407, 0.40857744, ..., 0.10490766, 0.06696562,\n",
       "          0.0550391 ],\n",
       "         ...,\n",
       "         [0.20036776, 0.22465847, 0.23533482, ..., 0.01386042, 0.0126731 ,\n",
       "          0.01236858],\n",
       "         [0.25443272, 0.30081661, 0.32339638, ..., 0.01336611, 0.01906877,\n",
       "          0.01867336],\n",
       "         [0.30809157, 0.44146417, 0.44792367, ..., 0.02198628, 0.01704946,\n",
       "          0.01775687]]), array([0.51058142, 1.51734045, 0.0068084 ])),\n",
       " (array([[0.06693864, 0.07149953, 0.0550391 , ..., 0.01236858, 0.01867336,\n",
       "          0.01775687],\n",
       "         [0.08769254, 0.08511298, 0.06696562, ..., 0.0126731 , 0.01906877,\n",
       "          0.01704946],\n",
       "         [0.09056387, 0.09472505, 0.10490766, ..., 0.01386042, 0.01336611,\n",
       "          0.02198628],\n",
       "         ...,\n",
       "         [0.46243863, 0.41824027, 0.40857744, ..., 0.23533482, 0.32339638,\n",
       "          0.44792367],\n",
       "         [0.4974533 , 0.43343542, 0.37616407, ..., 0.22465847, 0.30081661,\n",
       "          0.44146417],\n",
       "         [0.57560621, 0.54918605, 0.47487187, ..., 0.20036776, 0.25443272,\n",
       "          0.30809157]]), array([0.51058142, 1.51734045, 0.0068084 ])),\n",
       " (array([[0.01775687, 0.01704946, 0.02198628, ..., 0.44792367, 0.44146417,\n",
       "          0.30809157],\n",
       "         [0.01867336, 0.01906877, 0.01336611, ..., 0.32339638, 0.30081661,\n",
       "          0.25443272],\n",
       "         [0.01236858, 0.0126731 , 0.01386042, ..., 0.23533482, 0.22465847,\n",
       "          0.20036776],\n",
       "         ...,\n",
       "         [0.0550391 , 0.06696562, 0.10490766, ..., 0.40857744, 0.37616407,\n",
       "          0.47487187],\n",
       "         [0.07149953, 0.08511298, 0.09472505, ..., 0.41824027, 0.43343542,\n",
       "          0.54918605],\n",
       "         [0.06693864, 0.08769254, 0.09056387, ..., 0.46243863, 0.4974533 ,\n",
       "          0.57560621]]), array([0.51058142, 1.51734045, 0.0068084 ])),\n",
       " (array([[0.44591017, 0.32314979, 0.39543523, ..., 0.26407186, 0.35407324,\n",
       "          0.30216929],\n",
       "         [0.42487648, 0.35640676, 0.57427317, ..., 0.28491578, 0.31931016,\n",
       "          0.3262352 ],\n",
       "         [0.61421115, 0.32833097, 0.65074096, ..., 0.25422738, 0.21326782,\n",
       "          0.24432056],\n",
       "         ...,\n",
       "         [0.13597773, 0.10051646, 0.10429061, ..., 0.24027819, 0.30815663,\n",
       "          0.25809991],\n",
       "         [0.18674068, 0.1409182 , 0.19895265, ..., 0.25825991, 0.27514302,\n",
       "          0.30171894],\n",
       "         [0.16811942, 0.19730921, 0.13894568, ..., 0.28050331, 0.2818467 ,\n",
       "          0.20342447]]), array([0.13506302, 0.62039143, 0.0024903 ])),\n",
       " (array([[0.30216929, 0.3262352 , 0.24432056, ..., 0.25809991, 0.30171894,\n",
       "          0.20342447],\n",
       "         [0.35407324, 0.31931016, 0.21326782, ..., 0.30815663, 0.27514302,\n",
       "          0.2818467 ],\n",
       "         [0.26407186, 0.28491578, 0.25422738, ..., 0.24027819, 0.25825991,\n",
       "          0.28050331],\n",
       "         ...,\n",
       "         [0.39543523, 0.57427317, 0.65074096, ..., 0.10429061, 0.19895265,\n",
       "          0.13894568],\n",
       "         [0.32314979, 0.35640676, 0.32833097, ..., 0.10051646, 0.1409182 ,\n",
       "          0.19730921],\n",
       "         [0.44591017, 0.42487648, 0.61421115, ..., 0.13597773, 0.18674068,\n",
       "          0.16811942]]), array([0.13506302, 0.62039143, 0.0024903 ])),\n",
       " (array([[0.20342447, 0.2818467 , 0.28050331, ..., 0.13894568, 0.19730921,\n",
       "          0.16811942],\n",
       "         [0.30171894, 0.27514302, 0.25825991, ..., 0.19895265, 0.1409182 ,\n",
       "          0.18674068],\n",
       "         [0.25809991, 0.30815663, 0.24027819, ..., 0.10429061, 0.10051646,\n",
       "          0.13597773],\n",
       "         ...,\n",
       "         [0.24432056, 0.21326782, 0.25422738, ..., 0.65074096, 0.32833097,\n",
       "          0.61421115],\n",
       "         [0.3262352 , 0.31931016, 0.28491578, ..., 0.57427317, 0.35640676,\n",
       "          0.42487648],\n",
       "         [0.30216929, 0.35407324, 0.26407186, ..., 0.39543523, 0.32314979,\n",
       "          0.44591017]]), array([0.13506302, 0.62039143, 0.0024903 ])),\n",
       " (array([[0.16811942, 0.18674068, 0.13597773, ..., 0.61421115, 0.42487648,\n",
       "          0.44591017],\n",
       "         [0.19730921, 0.1409182 , 0.10051646, ..., 0.32833097, 0.35640676,\n",
       "          0.32314979],\n",
       "         [0.13894568, 0.19895265, 0.10429061, ..., 0.65074096, 0.57427317,\n",
       "          0.39543523],\n",
       "         ...,\n",
       "         [0.28050331, 0.25825991, 0.24027819, ..., 0.25422738, 0.28491578,\n",
       "          0.26407186],\n",
       "         [0.2818467 , 0.27514302, 0.30815663, ..., 0.21326782, 0.31931016,\n",
       "          0.35407324],\n",
       "         [0.20342447, 0.30171894, 0.25809991, ..., 0.24432056, 0.3262352 ,\n",
       "          0.30216929]]), array([0.13506302, 0.62039143, 0.0024903 ])),\n",
       " (array([[0.24908208, 0.28793933, 0.20426385, ..., 0.06633754, 0.07043639,\n",
       "          0.07812503],\n",
       "         [0.35551082, 0.33767078, 0.18941459, ..., 0.04890581, 0.06442206,\n",
       "          0.07276199],\n",
       "         [0.41114735, 0.23434152, 0.17382666, ..., 0.04307222, 0.06664786,\n",
       "          0.07202721],\n",
       "         ...,\n",
       "         [0.00903338, 0.01042726, 0.01105184, ..., 0.24776131, 0.27807943,\n",
       "          0.24748901],\n",
       "         [0.00842569, 0.01099299, 0.01010214, ..., 0.29533402, 0.32350398,\n",
       "          0.23319971],\n",
       "         [0.00875251, 0.01122813, 0.01138833, ..., 0.35732148, 0.32460151,\n",
       "          0.20769006]]), array([0.42323321, 1.48544121, 0.00950424])),\n",
       " (array([[0.07812503, 0.07276199, 0.07202721, ..., 0.24748901, 0.23319971,\n",
       "          0.20769006],\n",
       "         [0.07043639, 0.06442206, 0.06664786, ..., 0.27807943, 0.32350398,\n",
       "          0.32460151],\n",
       "         [0.06633754, 0.04890581, 0.04307222, ..., 0.24776131, 0.29533402,\n",
       "          0.35732148],\n",
       "         ...,\n",
       "         [0.20426385, 0.18941459, 0.17382666, ..., 0.01105184, 0.01010214,\n",
       "          0.01138833],\n",
       "         [0.28793933, 0.33767078, 0.23434152, ..., 0.01042726, 0.01099299,\n",
       "          0.01122813],\n",
       "         [0.24908208, 0.35551082, 0.41114735, ..., 0.00903338, 0.00842569,\n",
       "          0.00875251]]), array([0.42323321, 1.48544121, 0.00950424])),\n",
       " (array([[0.20769006, 0.32460151, 0.35732148, ..., 0.01138833, 0.01122813,\n",
       "          0.00875251],\n",
       "         [0.23319971, 0.32350398, 0.29533402, ..., 0.01010214, 0.01099299,\n",
       "          0.00842569],\n",
       "         [0.24748901, 0.27807943, 0.24776131, ..., 0.01105184, 0.01042726,\n",
       "          0.00903338],\n",
       "         ...,\n",
       "         [0.07202721, 0.06664786, 0.04307222, ..., 0.17382666, 0.23434152,\n",
       "          0.41114735],\n",
       "         [0.07276199, 0.06442206, 0.04890581, ..., 0.18941459, 0.33767078,\n",
       "          0.35551082],\n",
       "         [0.07812503, 0.07043639, 0.06633754, ..., 0.20426385, 0.28793933,\n",
       "          0.24908208]]), array([0.42323321, 1.48544121, 0.00950424])),\n",
       " (array([[0.00875251, 0.00842569, 0.00903338, ..., 0.41114735, 0.35551082,\n",
       "          0.24908208],\n",
       "         [0.01122813, 0.01099299, 0.01042726, ..., 0.23434152, 0.33767078,\n",
       "          0.28793933],\n",
       "         [0.01138833, 0.01010214, 0.01105184, ..., 0.17382666, 0.18941459,\n",
       "          0.20426385],\n",
       "         ...,\n",
       "         [0.35732148, 0.29533402, 0.24776131, ..., 0.04307222, 0.04890581,\n",
       "          0.06633754],\n",
       "         [0.32460151, 0.32350398, 0.27807943, ..., 0.06664786, 0.06442206,\n",
       "          0.07043639],\n",
       "         [0.20769006, 0.23319971, 0.24748901, ..., 0.07202721, 0.07276199,\n",
       "          0.07812503]]), array([0.42323321, 1.48544121, 0.00950424])),\n",
       " (array([[0.348296  , 0.25894823, 0.19125518, ..., 0.1411953 , 0.13918089,\n",
       "          0.18541589],\n",
       "         [0.4991661 , 0.37714888, 0.20492936, ..., 0.24543111, 0.19188074,\n",
       "          0.20698184],\n",
       "         [0.37844575, 0.26912486, 0.2280423 , ..., 0.32742015, 0.23085056,\n",
       "          0.17816611],\n",
       "         ...,\n",
       "         [0.00840379, 0.01293637, 0.01739752, ..., 0.16795642, 0.16841544,\n",
       "          0.17498943],\n",
       "         [0.00901651, 0.01378871, 0.0138282 , ..., 0.15578442, 0.15009431,\n",
       "          0.10768877],\n",
       "         [0.01051623, 0.01098694, 0.01433247, ..., 0.15962029, 0.12571918,\n",
       "          0.11997914]]), array([0.42965617, 1.69540151, 0.00236006])),\n",
       " (array([[0.18541589, 0.20698184, 0.17816611, ..., 0.17498943, 0.10768877,\n",
       "          0.11997914],\n",
       "         [0.13918089, 0.19188074, 0.23085056, ..., 0.16841544, 0.15009431,\n",
       "          0.12571918],\n",
       "         [0.1411953 , 0.24543111, 0.32742015, ..., 0.16795642, 0.15578442,\n",
       "          0.15962029],\n",
       "         ...,\n",
       "         [0.19125518, 0.20492936, 0.2280423 , ..., 0.01739752, 0.0138282 ,\n",
       "          0.01433247],\n",
       "         [0.25894823, 0.37714888, 0.26912486, ..., 0.01293637, 0.01378871,\n",
       "          0.01098694],\n",
       "         [0.348296  , 0.4991661 , 0.37844575, ..., 0.00840379, 0.00901651,\n",
       "          0.01051623]]), array([0.42965617, 1.69540151, 0.00236006])),\n",
       " (array([[0.11997914, 0.12571918, 0.15962029, ..., 0.01433247, 0.01098694,\n",
       "          0.01051623],\n",
       "         [0.10768877, 0.15009431, 0.15578442, ..., 0.0138282 , 0.01378871,\n",
       "          0.00901651],\n",
       "         [0.17498943, 0.16841544, 0.16795642, ..., 0.01739752, 0.01293637,\n",
       "          0.00840379],\n",
       "         ...,\n",
       "         [0.17816611, 0.23085056, 0.32742015, ..., 0.2280423 , 0.26912486,\n",
       "          0.37844575],\n",
       "         [0.20698184, 0.19188074, 0.24543111, ..., 0.20492936, 0.37714888,\n",
       "          0.4991661 ],\n",
       "         [0.18541589, 0.13918089, 0.1411953 , ..., 0.19125518, 0.25894823,\n",
       "          0.348296  ]]), array([0.42965617, 1.69540151, 0.00236006])),\n",
       " (array([[0.01051623, 0.00901651, 0.00840379, ..., 0.37844575, 0.4991661 ,\n",
       "          0.348296  ],\n",
       "         [0.01098694, 0.01378871, 0.01293637, ..., 0.26912486, 0.37714888,\n",
       "          0.25894823],\n",
       "         [0.01433247, 0.0138282 , 0.01739752, ..., 0.2280423 , 0.20492936,\n",
       "          0.19125518],\n",
       "         ...,\n",
       "         [0.15962029, 0.15578442, 0.16795642, ..., 0.32742015, 0.24543111,\n",
       "          0.1411953 ],\n",
       "         [0.12571918, 0.15009431, 0.16841544, ..., 0.23085056, 0.19188074,\n",
       "          0.13918089],\n",
       "         [0.11997914, 0.10768877, 0.17498943, ..., 0.17816611, 0.20698184,\n",
       "          0.18541589]]), array([0.42965617, 1.69540151, 0.00236006])),\n",
       " (array([[5.13768365e-03, 8.21022829e-03, 8.55418672e-03, ...,\n",
       "          7.09374257e-02, 5.62379873e-02, 5.23692728e-02],\n",
       "         [3.28482571e-03, 4.42375788e-03, 4.76181107e-03, ...,\n",
       "          5.07276072e-02, 3.16056384e-02, 2.48111757e-02],\n",
       "         [1.63411341e-03, 1.83546252e-03, 2.84390894e-03, ...,\n",
       "          2.99024069e-02, 2.76566154e-02, 2.03085877e-02],\n",
       "         ...,\n",
       "         [2.72804566e-01, 1.60967802e-01, 1.67141467e-01, ...,\n",
       "          2.30758893e-04, 3.96279564e-04, 2.44181829e-04],\n",
       "         [2.30014745e-01, 2.24838717e-01, 2.41440031e-01, ...,\n",
       "          1.04164380e-03, 5.99277540e-04, 7.70060632e-04],\n",
       "         [3.10807200e-01, 4.40841785e-01, 3.18669890e-01, ...,\n",
       "          6.79519649e-04, 2.51400063e-04, 8.38275619e-04]]),\n",
       "  array([4.30060185e-01, 2.99541630e+00, 6.14245936e-04])),\n",
       " (array([[5.23692728e-02, 2.48111757e-02, 2.03085877e-02, ...,\n",
       "          2.44181829e-04, 7.70060632e-04, 8.38275619e-04],\n",
       "         [5.62379873e-02, 3.16056384e-02, 2.76566154e-02, ...,\n",
       "          3.96279564e-04, 5.99277540e-04, 2.51400063e-04],\n",
       "         [7.09374257e-02, 5.07276072e-02, 2.99024069e-02, ...,\n",
       "          2.30758893e-04, 1.04164380e-03, 6.79519649e-04],\n",
       "         ...,\n",
       "         [8.55418672e-03, 4.76181107e-03, 2.84390894e-03, ...,\n",
       "          1.67141467e-01, 2.41440031e-01, 3.18669890e-01],\n",
       "         [8.21022829e-03, 4.42375788e-03, 1.83546252e-03, ...,\n",
       "          1.60967802e-01, 2.24838717e-01, 4.40841785e-01],\n",
       "         [5.13768365e-03, 3.28482571e-03, 1.63411341e-03, ...,\n",
       "          2.72804566e-01, 2.30014745e-01, 3.10807200e-01]]),\n",
       "  array([4.30060185e-01, 2.99541630e+00, 6.14245936e-04])),\n",
       " (array([[8.38275619e-04, 2.51400063e-04, 6.79519649e-04, ...,\n",
       "          3.18669890e-01, 4.40841785e-01, 3.10807200e-01],\n",
       "         [7.70060632e-04, 5.99277540e-04, 1.04164380e-03, ...,\n",
       "          2.41440031e-01, 2.24838717e-01, 2.30014745e-01],\n",
       "         [2.44181829e-04, 3.96279564e-04, 2.30758893e-04, ...,\n",
       "          1.67141467e-01, 1.60967802e-01, 2.72804566e-01],\n",
       "         ...,\n",
       "         [2.03085877e-02, 2.76566154e-02, 2.99024069e-02, ...,\n",
       "          2.84390894e-03, 1.83546252e-03, 1.63411341e-03],\n",
       "         [2.48111757e-02, 3.16056384e-02, 5.07276072e-02, ...,\n",
       "          4.76181107e-03, 4.42375788e-03, 3.28482571e-03],\n",
       "         [5.23692728e-02, 5.62379873e-02, 7.09374257e-02, ...,\n",
       "          8.55418672e-03, 8.21022829e-03, 5.13768365e-03]]),\n",
       "  array([4.30060185e-01, 2.99541630e+00, 6.14245936e-04])),\n",
       " (array([[3.10807200e-01, 2.30014745e-01, 2.72804566e-01, ...,\n",
       "          1.63411341e-03, 3.28482571e-03, 5.13768365e-03],\n",
       "         [4.40841785e-01, 2.24838717e-01, 1.60967802e-01, ...,\n",
       "          1.83546252e-03, 4.42375788e-03, 8.21022829e-03],\n",
       "         [3.18669890e-01, 2.41440031e-01, 1.67141467e-01, ...,\n",
       "          2.84390894e-03, 4.76181107e-03, 8.55418672e-03],\n",
       "         ...,\n",
       "         [6.79519649e-04, 1.04164380e-03, 2.30758893e-04, ...,\n",
       "          2.99024069e-02, 5.07276072e-02, 7.09374257e-02],\n",
       "         [2.51400063e-04, 5.99277540e-04, 3.96279564e-04, ...,\n",
       "          2.76566154e-02, 3.16056384e-02, 5.62379873e-02],\n",
       "         [8.38275619e-04, 7.70060632e-04, 2.44181829e-04, ...,\n",
       "          2.03085877e-02, 2.48111757e-02, 5.23692728e-02]]),\n",
       "  array([4.30060185e-01, 2.99541630e+00, 6.14245936e-04])),\n",
       " (array([[0.09525528, 0.09292419, 0.08993193, ..., 0.26430571, 0.26422048,\n",
       "          0.26052901],\n",
       "         [0.11024005, 0.1014245 , 0.09906445, ..., 0.26589   , 0.26013137,\n",
       "          0.26783391],\n",
       "         [0.1195167 , 0.11310703, 0.10319943, ..., 0.26704095, 0.26903385,\n",
       "          0.26498914],\n",
       "         ...,\n",
       "         [0.18780384, 0.18278643, 0.18255247, ..., 0.57379643, 0.54454833,\n",
       "          0.51819597],\n",
       "         [0.18219659, 0.17489467, 0.18377593, ..., 0.54687212, 0.54691766,\n",
       "          0.52488584],\n",
       "         [0.16819437, 0.17096317, 0.18447166, ..., 0.54146666, 0.52047511,\n",
       "          0.50037561]]), array([0.74211999, 0.85484084, 0.00105781])),\n",
       " (array([[0.26052901, 0.26783391, 0.26498914, ..., 0.51819597, 0.52488584,\n",
       "          0.50037561],\n",
       "         [0.26422048, 0.26013137, 0.26903385, ..., 0.54454833, 0.54691766,\n",
       "          0.52047511],\n",
       "         [0.26430571, 0.26589   , 0.26704095, ..., 0.57379643, 0.54687212,\n",
       "          0.54146666],\n",
       "         ...,\n",
       "         [0.08993193, 0.09906445, 0.10319943, ..., 0.18255247, 0.18377593,\n",
       "          0.18447166],\n",
       "         [0.09292419, 0.1014245 , 0.11310703, ..., 0.18278643, 0.17489467,\n",
       "          0.17096317],\n",
       "         [0.09525528, 0.11024005, 0.1195167 , ..., 0.18780384, 0.18219659,\n",
       "          0.16819437]]), array([0.74211999, 0.85484084, 0.00105781])),\n",
       " (array([[0.50037561, 0.52047511, 0.54146666, ..., 0.18447166, 0.17096317,\n",
       "          0.16819437],\n",
       "         [0.52488584, 0.54691766, 0.54687212, ..., 0.18377593, 0.17489467,\n",
       "          0.18219659],\n",
       "         [0.51819597, 0.54454833, 0.57379643, ..., 0.18255247, 0.18278643,\n",
       "          0.18780384],\n",
       "         ...,\n",
       "         [0.26498914, 0.26903385, 0.26704095, ..., 0.10319943, 0.11310703,\n",
       "          0.1195167 ],\n",
       "         [0.26783391, 0.26013137, 0.26589   , ..., 0.09906445, 0.1014245 ,\n",
       "          0.11024005],\n",
       "         [0.26052901, 0.26422048, 0.26430571, ..., 0.08993193, 0.09292419,\n",
       "          0.09525528]]), array([0.74211999, 0.85484084, 0.00105781])),\n",
       " (array([[0.16819437, 0.18219659, 0.18780384, ..., 0.1195167 , 0.11024005,\n",
       "          0.09525528],\n",
       "         [0.17096317, 0.17489467, 0.18278643, ..., 0.11310703, 0.1014245 ,\n",
       "          0.09292419],\n",
       "         [0.18447166, 0.18377593, 0.18255247, ..., 0.10319943, 0.09906445,\n",
       "          0.08993193],\n",
       "         ...,\n",
       "         [0.54146666, 0.54687212, 0.57379643, ..., 0.26704095, 0.26589   ,\n",
       "          0.26430571],\n",
       "         [0.52047511, 0.54691766, 0.54454833, ..., 0.26903385, 0.26013137,\n",
       "          0.26422048],\n",
       "         [0.50037561, 0.52488584, 0.51819597, ..., 0.26498914, 0.26783391,\n",
       "          0.26052901]]), array([0.74211999, 0.85484084, 0.00105781])),\n",
       " (array([[0.40118125, 0.392688  , 0.38956529, ..., 1.        , 1.        ,\n",
       "          1.        ],\n",
       "         [0.40970754, 0.39635591, 0.39411499, ..., 0.96777951, 0.95002204,\n",
       "          0.93439809],\n",
       "         [0.40562347, 0.40601993, 0.39731379, ..., 0.91172648, 0.88482767,\n",
       "          0.87339942],\n",
       "         ...,\n",
       "         [0.42698547, 0.42102579, 0.42241191, ..., 0.11677774, 0.12702643,\n",
       "          0.13340057],\n",
       "         [0.40858492, 0.40651166, 0.4004544 , ..., 0.11103441, 0.12044861,\n",
       "          0.13074633],\n",
       "         [0.39823213, 0.39831119, 0.39287038, ..., 0.10829731, 0.11855654,\n",
       "          0.13164963]]), array([0.92614688, 1.0443561 , 0.00120158])),\n",
       " (array([[1.        , 0.93439809, 0.87339942, ..., 0.13340057, 0.13074633,\n",
       "          0.13164963],\n",
       "         [1.        , 0.95002204, 0.88482767, ..., 0.12702643, 0.12044861,\n",
       "          0.11855654],\n",
       "         [1.        , 0.96777951, 0.91172648, ..., 0.11677774, 0.11103441,\n",
       "          0.10829731],\n",
       "         ...,\n",
       "         [0.38956529, 0.39411499, 0.39731379, ..., 0.42241191, 0.4004544 ,\n",
       "          0.39287038],\n",
       "         [0.392688  , 0.39635591, 0.40601993, ..., 0.42102579, 0.40651166,\n",
       "          0.39831119],\n",
       "         [0.40118125, 0.40970754, 0.40562347, ..., 0.42698547, 0.40858492,\n",
       "          0.39823213]]), array([0.92614688, 1.0443561 , 0.00120158])),\n",
       " (array([[0.13164963, 0.11855654, 0.10829731, ..., 0.39287038, 0.39831119,\n",
       "          0.39823213],\n",
       "         [0.13074633, 0.12044861, 0.11103441, ..., 0.4004544 , 0.40651166,\n",
       "          0.40858492],\n",
       "         [0.13340057, 0.12702643, 0.11677774, ..., 0.42241191, 0.42102579,\n",
       "          0.42698547],\n",
       "         ...,\n",
       "         [0.87339942, 0.88482767, 0.91172648, ..., 0.39731379, 0.40601993,\n",
       "          0.40562347],\n",
       "         [0.93439809, 0.95002204, 0.96777951, ..., 0.39411499, 0.39635591,\n",
       "          0.40970754],\n",
       "         [1.        , 1.        , 1.        , ..., 0.38956529, 0.392688  ,\n",
       "          0.40118125]]), array([0.92614688, 1.0443561 , 0.00120158])),\n",
       " (array([[0.39823213, 0.40858492, 0.42698547, ..., 0.40562347, 0.40970754,\n",
       "          0.40118125],\n",
       "         [0.39831119, 0.40651166, 0.42102579, ..., 0.40601993, 0.39635591,\n",
       "          0.392688  ],\n",
       "         [0.39287038, 0.4004544 , 0.42241191, ..., 0.39731379, 0.39411499,\n",
       "          0.38956529],\n",
       "         ...,\n",
       "         [0.10829731, 0.11103441, 0.11677774, ..., 0.91172648, 0.96777951,\n",
       "          1.        ],\n",
       "         [0.11855654, 0.12044861, 0.12702643, ..., 0.88482767, 0.95002204,\n",
       "          1.        ],\n",
       "         [0.13164963, 0.13074633, 0.13340057, ..., 0.87339942, 0.93439809,\n",
       "          1.        ]]), array([0.92614688, 1.0443561 , 0.00120158])),\n",
       " (array([[0.06806729, 0.06267399, 0.05862579, ..., 0.16081396, 0.28183934,\n",
       "          0.15088588],\n",
       "         [0.08818295, 0.06438344, 0.04386288, ..., 0.11966289, 0.13203246,\n",
       "          0.13645563],\n",
       "         [0.05572205, 0.06549417, 0.0482303 , ..., 0.11757331, 0.16338901,\n",
       "          0.28842021],\n",
       "         ...,\n",
       "         [0.35222469, 0.26319429, 0.30434023, ..., 0.29990375, 0.25332351,\n",
       "          0.23686263],\n",
       "         [0.27120717, 0.25714281, 0.23457305, ..., 0.25410864, 0.30590966,\n",
       "          0.32909145],\n",
       "         [0.33283695, 0.40034851, 0.33130384, ..., 0.18481832, 0.22388683,\n",
       "          0.28568533]]), array([0.38160445, 1.5761859 , 0.00823678])),\n",
       " (array([[0.15088588, 0.13645563, 0.28842021, ..., 0.23686263, 0.32909145,\n",
       "          0.28568533],\n",
       "         [0.28183934, 0.13203246, 0.16338901, ..., 0.25332351, 0.30590966,\n",
       "          0.22388683],\n",
       "         [0.16081396, 0.11966289, 0.11757331, ..., 0.29990375, 0.25410864,\n",
       "          0.18481832],\n",
       "         ...,\n",
       "         [0.05862579, 0.04386288, 0.0482303 , ..., 0.30434023, 0.23457305,\n",
       "          0.33130384],\n",
       "         [0.06267399, 0.06438344, 0.06549417, ..., 0.26319429, 0.25714281,\n",
       "          0.40034851],\n",
       "         [0.06806729, 0.08818295, 0.05572205, ..., 0.35222469, 0.27120717,\n",
       "          0.33283695]]), array([0.38160445, 1.5761859 , 0.00823678])),\n",
       " (array([[0.28568533, 0.22388683, 0.18481832, ..., 0.33130384, 0.40034851,\n",
       "          0.33283695],\n",
       "         [0.32909145, 0.30590966, 0.25410864, ..., 0.23457305, 0.25714281,\n",
       "          0.27120717],\n",
       "         [0.23686263, 0.25332351, 0.29990375, ..., 0.30434023, 0.26319429,\n",
       "          0.35222469],\n",
       "         ...,\n",
       "         [0.28842021, 0.16338901, 0.11757331, ..., 0.0482303 , 0.06549417,\n",
       "          0.05572205],\n",
       "         [0.13645563, 0.13203246, 0.11966289, ..., 0.04386288, 0.06438344,\n",
       "          0.08818295],\n",
       "         [0.15088588, 0.28183934, 0.16081396, ..., 0.05862579, 0.06267399,\n",
       "          0.06806729]]), array([0.38160445, 1.5761859 , 0.00823678])),\n",
       " (array([[0.33283695, 0.27120717, 0.35222469, ..., 0.05572205, 0.08818295,\n",
       "          0.06806729],\n",
       "         [0.40034851, 0.25714281, 0.26319429, ..., 0.06549417, 0.06438344,\n",
       "          0.06267399],\n",
       "         [0.33130384, 0.23457305, 0.30434023, ..., 0.0482303 , 0.04386288,\n",
       "          0.05862579],\n",
       "         ...,\n",
       "         [0.18481832, 0.25410864, 0.29990375, ..., 0.11757331, 0.11966289,\n",
       "          0.16081396],\n",
       "         [0.22388683, 0.30590966, 0.25332351, ..., 0.16338901, 0.13203246,\n",
       "          0.28183934],\n",
       "         [0.28568533, 0.32909145, 0.23686263, ..., 0.28842021, 0.13645563,\n",
       "          0.15088588]]), array([0.38160445, 1.5761859 , 0.00823678])),\n",
       " (array([[0.246029  , 0.24251165, 0.27369992, ..., 0.66067673, 0.62555935,\n",
       "          0.59879723],\n",
       "         [0.25223162, 0.21997096, 0.22648573, ..., 0.64840424, 0.64240266,\n",
       "          0.62485665],\n",
       "         [0.27249196, 0.26499075, 0.24734693, ..., 0.61918886, 0.63850549,\n",
       "          0.64308474],\n",
       "         ...,\n",
       "         [0.14850854, 0.13999269, 0.15688378, ..., 0.39276557, 0.41222413,\n",
       "          0.41431786],\n",
       "         [0.1854473 , 0.21074643, 0.17695461, ..., 0.43012192, 0.42580946,\n",
       "          0.41506687],\n",
       "         [0.19362517, 0.20993727, 0.17552492, ..., 0.4466958 , 0.42141947,\n",
       "          0.43438391]]), array([0.47762984, 0.12391697, 0.00124047])),\n",
       " (array([[0.59879723, 0.62485665, 0.64308474, ..., 0.41431786, 0.41506687,\n",
       "          0.43438391],\n",
       "         [0.62555935, 0.64240266, 0.63850549, ..., 0.41222413, 0.42580946,\n",
       "          0.42141947],\n",
       "         [0.66067673, 0.64840424, 0.61918886, ..., 0.39276557, 0.43012192,\n",
       "          0.4466958 ],\n",
       "         ...,\n",
       "         [0.27369992, 0.22648573, 0.24734693, ..., 0.15688378, 0.17695461,\n",
       "          0.17552492],\n",
       "         [0.24251165, 0.21997096, 0.26499075, ..., 0.13999269, 0.21074643,\n",
       "          0.20993727],\n",
       "         [0.246029  , 0.25223162, 0.27249196, ..., 0.14850854, 0.1854473 ,\n",
       "          0.19362517]]), array([0.47762984, 0.12391697, 0.00124047])),\n",
       " (array([[0.43438391, 0.42141947, 0.4466958 , ..., 0.17552492, 0.20993727,\n",
       "          0.19362517],\n",
       "         [0.41506687, 0.42580946, 0.43012192, ..., 0.17695461, 0.21074643,\n",
       "          0.1854473 ],\n",
       "         [0.41431786, 0.41222413, 0.39276557, ..., 0.15688378, 0.13999269,\n",
       "          0.14850854],\n",
       "         ...,\n",
       "         [0.64308474, 0.63850549, 0.61918886, ..., 0.24734693, 0.26499075,\n",
       "          0.27249196],\n",
       "         [0.62485665, 0.64240266, 0.64840424, ..., 0.22648573, 0.21997096,\n",
       "          0.25223162],\n",
       "         [0.59879723, 0.62555935, 0.66067673, ..., 0.27369992, 0.24251165,\n",
       "          0.246029  ]]), array([0.47762984, 0.12391697, 0.00124047])),\n",
       " (array([[0.19362517, 0.1854473 , 0.14850854, ..., 0.27249196, 0.25223162,\n",
       "          0.246029  ],\n",
       "         [0.20993727, 0.21074643, 0.13999269, ..., 0.26499075, 0.21997096,\n",
       "          0.24251165],\n",
       "         [0.17552492, 0.17695461, 0.15688378, ..., 0.24734693, 0.22648573,\n",
       "          0.27369992],\n",
       "         ...,\n",
       "         [0.4466958 , 0.43012192, 0.39276557, ..., 0.61918886, 0.64840424,\n",
       "          0.66067673],\n",
       "         [0.42141947, 0.42580946, 0.41222413, ..., 0.63850549, 0.64240266,\n",
       "          0.62555935],\n",
       "         [0.43438391, 0.41506687, 0.41431786, ..., 0.64308474, 0.62485665,\n",
       "          0.59879723]]), array([0.47762984, 0.12391697, 0.00124047])),\n",
       " (array([[0.17039807, 0.13343607, 0.09230973, ..., 0.18773507, 0.2046764 ,\n",
       "          0.26198194],\n",
       "         [0.18137247, 0.13212831, 0.11364619, ..., 0.16508976, 0.26368737,\n",
       "          0.27206038],\n",
       "         [0.15417748, 0.09853789, 0.09364034, ..., 0.20043632, 0.35168536,\n",
       "          0.41083495],\n",
       "         ...,\n",
       "         [0.05496197, 0.05839036, 0.05241942, ..., 0.00621531, 0.00431481,\n",
       "          0.00805441],\n",
       "         [0.05710573, 0.05965375, 0.05923217, ..., 0.00830515, 0.00694041,\n",
       "          0.00668897],\n",
       "         [0.08963994, 0.07158413, 0.06046399, ..., 0.00486034, 0.01029289,\n",
       "          0.0036838 ]]), array([0.57846019, 2.49612114, 0.00837386])),\n",
       " (array([[0.26198194, 0.27206038, 0.41083495, ..., 0.00805441, 0.00668897,\n",
       "          0.0036838 ],\n",
       "         [0.2046764 , 0.26368737, 0.35168536, ..., 0.00431481, 0.00694041,\n",
       "          0.01029289],\n",
       "         [0.18773507, 0.16508976, 0.20043632, ..., 0.00621531, 0.00830515,\n",
       "          0.00486034],\n",
       "         ...,\n",
       "         [0.09230973, 0.11364619, 0.09364034, ..., 0.05241942, 0.05923217,\n",
       "          0.06046399],\n",
       "         [0.13343607, 0.13212831, 0.09853789, ..., 0.05839036, 0.05965375,\n",
       "          0.07158413],\n",
       "         [0.17039807, 0.18137247, 0.15417748, ..., 0.05496197, 0.05710573,\n",
       "          0.08963994]]), array([0.57846019, 2.49612114, 0.00837386])),\n",
       " (array([[0.0036838 , 0.01029289, 0.00486034, ..., 0.06046399, 0.07158413,\n",
       "          0.08963994],\n",
       "         [0.00668897, 0.00694041, 0.00830515, ..., 0.05923217, 0.05965375,\n",
       "          0.05710573],\n",
       "         [0.00805441, 0.00431481, 0.00621531, ..., 0.05241942, 0.05839036,\n",
       "          0.05496197],\n",
       "         ...,\n",
       "         [0.41083495, 0.35168536, 0.20043632, ..., 0.09364034, 0.09853789,\n",
       "          0.15417748],\n",
       "         [0.27206038, 0.26368737, 0.16508976, ..., 0.11364619, 0.13212831,\n",
       "          0.18137247],\n",
       "         [0.26198194, 0.2046764 , 0.18773507, ..., 0.09230973, 0.13343607,\n",
       "          0.17039807]]), array([0.57846019, 2.49612114, 0.00837386])),\n",
       " (array([[0.08963994, 0.05710573, 0.05496197, ..., 0.15417748, 0.18137247,\n",
       "          0.17039807],\n",
       "         [0.07158413, 0.05965375, 0.05839036, ..., 0.09853789, 0.13212831,\n",
       "          0.13343607],\n",
       "         [0.06046399, 0.05923217, 0.05241942, ..., 0.09364034, 0.11364619,\n",
       "          0.09230973],\n",
       "         ...,\n",
       "         [0.00486034, 0.00830515, 0.00621531, ..., 0.20043632, 0.16508976,\n",
       "          0.18773507],\n",
       "         [0.01029289, 0.00694041, 0.00431481, ..., 0.35168536, 0.26368737,\n",
       "          0.2046764 ],\n",
       "         [0.0036838 , 0.00668897, 0.00805441, ..., 0.41083495, 0.27206038,\n",
       "          0.26198194]]), array([0.57846019, 2.49612114, 0.00837386])),\n",
       " (array([[0.50967702, 0.34644175, 0.29177699, ..., 0.45675476, 0.42048714,\n",
       "          0.38646499],\n",
       "         [0.58595898, 0.45189893, 0.31248289, ..., 0.58520937, 0.51384033,\n",
       "          0.48414815],\n",
       "         [0.65978646, 0.44174593, 0.2625134 , ..., 0.62081056, 0.51881806,\n",
       "          0.49415228],\n",
       "         ...,\n",
       "         [0.68266991, 0.66627356, 0.79974551, ..., 0.17584012, 0.18313295,\n",
       "          0.12375988],\n",
       "         [0.61711732, 0.62796372, 0.85504591, ..., 0.21431929, 0.18499045,\n",
       "          0.17338473],\n",
       "         [0.64498519, 0.70591685, 0.78590613, ..., 0.2445688 , 0.23371881,\n",
       "          0.19125505]]), array([0.47932572, 1.5074592 , 0.00220996])),\n",
       " (array([[0.38646499, 0.48414815, 0.49415228, ..., 0.12375988, 0.17338473,\n",
       "          0.19125505],\n",
       "         [0.42048714, 0.51384033, 0.51881806, ..., 0.18313295, 0.18499045,\n",
       "          0.23371881],\n",
       "         [0.45675476, 0.58520937, 0.62081056, ..., 0.17584012, 0.21431929,\n",
       "          0.2445688 ],\n",
       "         ...,\n",
       "         [0.29177699, 0.31248289, 0.2625134 , ..., 0.79974551, 0.85504591,\n",
       "          0.78590613],\n",
       "         [0.34644175, 0.45189893, 0.44174593, ..., 0.66627356, 0.62796372,\n",
       "          0.70591685],\n",
       "         [0.50967702, 0.58595898, 0.65978646, ..., 0.68266991, 0.61711732,\n",
       "          0.64498519]]), array([0.47932572, 1.5074592 , 0.00220996])),\n",
       " (array([[0.19125505, 0.23371881, 0.2445688 , ..., 0.78590613, 0.70591685,\n",
       "          0.64498519],\n",
       "         [0.17338473, 0.18499045, 0.21431929, ..., 0.85504591, 0.62796372,\n",
       "          0.61711732],\n",
       "         [0.12375988, 0.18313295, 0.17584012, ..., 0.79974551, 0.66627356,\n",
       "          0.68266991],\n",
       "         ...,\n",
       "         [0.49415228, 0.51881806, 0.62081056, ..., 0.2625134 , 0.44174593,\n",
       "          0.65978646],\n",
       "         [0.48414815, 0.51384033, 0.58520937, ..., 0.31248289, 0.45189893,\n",
       "          0.58595898],\n",
       "         [0.38646499, 0.42048714, 0.45675476, ..., 0.29177699, 0.34644175,\n",
       "          0.50967702]]), array([0.47932572, 1.5074592 , 0.00220996])),\n",
       " (array([[0.64498519, 0.61711732, 0.68266991, ..., 0.65978646, 0.58595898,\n",
       "          0.50967702],\n",
       "         [0.70591685, 0.62796372, 0.66627356, ..., 0.44174593, 0.45189893,\n",
       "          0.34644175],\n",
       "         [0.78590613, 0.85504591, 0.79974551, ..., 0.2625134 , 0.31248289,\n",
       "          0.29177699],\n",
       "         ...,\n",
       "         [0.2445688 , 0.21431929, 0.17584012, ..., 0.62081056, 0.58520937,\n",
       "          0.45675476],\n",
       "         [0.23371881, 0.18499045, 0.18313295, ..., 0.51881806, 0.51384033,\n",
       "          0.42048714],\n",
       "         [0.19125505, 0.17338473, 0.12375988, ..., 0.49415228, 0.48414815,\n",
       "          0.38646499]]), array([0.47932572, 1.5074592 , 0.00220996])),\n",
       " (array([[0.33525142, 0.33048982, 0.37385058, ..., 0.03108894, 0.03201502,\n",
       "          0.02879559],\n",
       "         [0.4033099 , 0.36275239, 0.39790945, ..., 0.03463152, 0.03142405,\n",
       "          0.02526203],\n",
       "         [0.45617157, 0.36595597, 0.29340266, ..., 0.04298363, 0.03857413,\n",
       "          0.02481672],\n",
       "         ...,\n",
       "         [0.40876175, 0.48961161, 0.44397317, ..., 0.24028785, 0.25228772,\n",
       "          0.21414509],\n",
       "         [0.49571195, 0.51454751, 0.49418502, ..., 0.17149538, 0.18458091,\n",
       "          0.21479856],\n",
       "         [0.57488828, 0.60450457, 0.63274754, ..., 0.1654661 , 0.15533696,\n",
       "          0.17522764]]), array([0.47672973, 1.86346527, 0.00423172])),\n",
       " (array([[0.02879559, 0.02526203, 0.02481672, ..., 0.21414509, 0.21479856,\n",
       "          0.17522764],\n",
       "         [0.03201502, 0.03142405, 0.03857413, ..., 0.25228772, 0.18458091,\n",
       "          0.15533696],\n",
       "         [0.03108894, 0.03463152, 0.04298363, ..., 0.24028785, 0.17149538,\n",
       "          0.1654661 ],\n",
       "         ...,\n",
       "         [0.37385058, 0.39790945, 0.29340266, ..., 0.44397317, 0.49418502,\n",
       "          0.63274754],\n",
       "         [0.33048982, 0.36275239, 0.36595597, ..., 0.48961161, 0.51454751,\n",
       "          0.60450457],\n",
       "         [0.33525142, 0.4033099 , 0.45617157, ..., 0.40876175, 0.49571195,\n",
       "          0.57488828]]), array([0.47672973, 1.86346527, 0.00423172])),\n",
       " (array([[0.17522764, 0.15533696, 0.1654661 , ..., 0.63274754, 0.60450457,\n",
       "          0.57488828],\n",
       "         [0.21479856, 0.18458091, 0.17149538, ..., 0.49418502, 0.51454751,\n",
       "          0.49571195],\n",
